"","species_name","diameter_mean","diameter_min","diameter_max","diameter_median","diameter_sd","number_of_trees"
"1","OFFICIANALIS",2.775,2,5,3,0.610080548667198,30
"2","LAEVIS",2.91666666666667,1.5,5,2.625,1.36626010212795,6
"3","GRANDIFLORA X",2.9775641025641,0,4,3,0.360747202693864,156
"4","ARBOREUM",3,1.75,4.25,3,1.76776695296637,2
"5","ARMENIACA",3,3,3,3,0,2
"6","CAPITATA",3,3,3,3,NA,1
"7","COCOMILIA",3,3,3,3,0,3
"8","CYLINDRICA",3,3,3,3,0,2
"9","ELLIPSOIDALIS",3,3,3,3,0,38
"10","KOREANA",3,3,3,3,0,10
"11","LENTAGO",3,3,3,3,0,5
"12","MIYABEI",3,3,3,3,0,19
"13","RHAMNOIDES",3,3,3,3,0,3
"14","ROBUR X ALBA",3,3,3,3,0,46
"15","SARGENTIANA",3,2,4,3,0.707106781186548,5
"16","SINENSIS",3,3,3,3,0,12
"17","SPRENGERI",3,3,3,3,NA,1
"18","SWEETHEART",3,3,3,3,0,5
"19","WILSONII",3,3,3,3,0,2
"20","X BIMUNDORUM",3,3,3,3,0,4
"21","ZENII",3,3,3,3,0,2
"22","FLAVA",3.03571428571429,2.5,4,3,0.307863963107441,14
"23","PSEUDOSIEBOLDIANUM",3.05555555555556,3,3.5,3,0.166666666666667,9
"24","FLEXILUS",3.07352941176471,3,3.75,3,0.212218671906791,17
"25","DIOICUS",3.08783783783784,2.75,6,3,0.497271081532526,37
"26","RETICULATA",3.12395672333849,0,12,3,0.876072910465821,1294
"27","ARNOLDIANA X",3.14705882352941,3,4.5,3,0.424437343813583,17
"28","MONADELPHA",3.14864864864865,3,5,3,0.511871089251983,37
"29","TIANSHANICA",3.16666666666667,3,3.5,3,0.288675134594813,3
"30","LIKIANGENSIS",3.2,3,4,3,0.34960294939005,10
"31","INSIGNIS",3.25,2,11.5,3,2.16826863854295,19
"32","X WAREI",3.27142857142857,3,9,3,1.0801882811293,35
"33","TREMULA",3.27272727272727,3,4,3,0.467099366496914,11
"34","MORDENSIS",3.29941434846266,1,13,3,0.980536215247855,683
"35","OFFICINALIS",3.3125,3,4,3,0.458062690656452,8
"36","COLUMA",3.34166666666667,1.8,4.25,3.375,0.914011305546418,6
"37","PSEUDOCAMELLIA",3.34942084942085,2,16,3,1.20118225535152,259
"38","MESERVEAE",3.35,3,4,3.2,0.472581562625261,4
"39","SIEBOLDII",3.37931034482759,2,12,3,1.9759951038012,29
"40","SYRIACA",3.38193717277487,1.5,9,3,1.03457385899518,191
"41","SALICINA",3.41860465116279,1.5,14,3,1.20503224570063,301
"42","DOUGLASII",3.51219512195122,0.5,14,3,1.60780039762513,205
"43","TEGMENTOSUM",3.54545454545455,3,6,3,1.21355975243384,11
"44","MAACKII",3.55357142857143,3,6,3,0.910296715302274,14
"45","GRISEUM",3.64617647058824,1,12,3,1.55666072766556,510
"46","XX",3.71120431396046,0,25,3,2.0002900687925,1669
"47","GRANDIFOLIA",3.734375,3,8,3,1.25553211312844,32
"48","GERMANICA",3.73684210526316,2,7,3.75,1.39062756669058,19
"49","EUROPEA",3.76923076923077,3,12,3,2.48004859340317,13
"50","KEWENSIS X",3.81194690265487,2,9,3,1.47468632161402,113
"51","HENRYI",3.8125,2,6.5,3.375,2.21147575161927,4
"52","CANADENSIS",3.88182773109244,1,42,3,3.38336964076502,476
"53","OBASSIA",3.98895348837209,2,7.75,4,1.34379622848614,86
"54","LASIOCARPA",4,4,4,4,NA,1
"55","PERSICA",4.02211782630777,0,55,3,2.36805620228212,1969
"56","TASHKENTENSIS",4.1,3,7.5,3,1.94935886896179,5
"57","OMORIKA",4.13135593220339,2,18,3,3.04929186670764,59
"58","JAPONICA",4.14810671256454,0,435,3,10.5063955633569,1743
"59","DENUDATA",4.17553191489362,2,10,3.125,1.81867174562243,94
"60","OVATA",4.25,4.25,4.25,4.25,NA,1
"61","CONTROVERSA",4.26515151515152,0,40,3,4.91932585826218,66
"62","CHINENSIS",4.32352941176471,3,27,3,5.38640594310875,34
"63","TRANSITORIA",4.45454545454545,3,10.5,3,2.74503684360106,11
"64","VULGARIS",4.46153846153846,0,10,4,2.81707249390168,13
"65","ASCENDENS",4.5,3,6,5,1.4142135623731,5
"66","HUPEHENSIS",4.5,3,6,4.5,1.73205080756888,4
"67","JEFFREYI",4.5,4,5,4.5,0.707106781186548,2
"68","HYBRIDA X",4.51470588235294,3,14.25,3,3.38940281916863,17
"69","CALLERYANA",4.55172288058341,0.25,38,4,2.21294896722906,2194
"70","AVELLANA",4.72222222222222,3,14,3,2.96237084539411,27
"71","MYRSINIFOLIA",4.75,3,6.25,5,1.6393596310755,3
"72","DAWSONIANA",4.82142857142857,3,8.5,4,2.15403828944171,7
"73","INVOLUCRATA",4.8319209039548,2,20,4,2.39472923466196,177
"74","BILOBA",4.85847107438016,0,29,3,3.79579377071282,242
"75","GRANDIFLORA",4.95760869565217,3,16,3,3.25924664981329,92
"76","LOEBNERI  X",4.97222222222222,3,6.5,5,0.992208206065142,18
"77","SEPTEMLOBUS",5,5,5,5,NA,1
"78","TRICHOTOMUM",5,5,5,5,0,2
"79","ZUMI",5.00933044017359,1.5,45,4.5,2.34995671741929,1613
"80","DISTICHUM",5.08333333333333,3,10,4,2.72794183711212,6
"81","PHAENOPYRUM",5.14397849462366,0.5,20,5,2.26836762465236,465
"82","ALNIFOLIA",5.22919708029197,2,20.25,5,2.65014093436672,274
"83","ERUBESCENS",5.33333333333333,3,9.5,3.5,3.25064096243597,6
"84","FORTUNEI",5.45454545454545,3,8,6,1.86352549559357,11
"85","TRUNCATUM",5.48706986444213,1,66,4,3.5129304580429,1918
"86","MICROMALUS   X",5.5625,3,13.25,3,5.125,4
"87","LAVALLEI  X",5.64431649331352,0,24,4,3.8676245575734,1346
"88","FRAINETTO",5.65104166666667,3,21,4,4.08901602874498,48
"89","PENNSYLVANICUM",5.66129032258065,1.75,27,4.5,3.6254159665788,62
"90","KOUSA",5.71029126213592,1.5,31,3,4.67786964800779,1030
"91","OCCIDENTALIS",5.90875634517766,1.75,41,3.75,5.15793129000277,394
"92","CRUS-GALLI",5.98281853281853,2,20,6,1.90306876051605,259
"93","JULIBRISSIN",6,6,6,6,NA,1
"94","PARVIFLORA",6,3,8,7,2.64575131106459,3
"95","MAS",6.06730769230769,3,15.5,4.125,3.63768998975153,26
"96","AUCUPARIA",6.11062091503268,1.5,99,3.5,6.17229448858105,612
"97","STELLATA",6.125,2,9.5,6.5,3.70528901256928,4
"98","PALMATUM",6.13269045323047,1,51,4,4.78162978403181,1037
"99","LILIIFLORA",6.20833333333333,3,23,4.75,4.95809646822602,18
"100","CAPILLIPES",6.375,3,12,6,2.32737334062816,16
"101","ANTARTICA",6.43461538461538,3,12,6,2.81107699043513,26
"102","ULMOIDES",6.52941176470588,3,10,6.5,2.03462671818517,17
"103","FREEMANI   X",6.62824207492795,2,54.5,5,4.34818785527799,4164
"104","HISPIDA",6.66666666666667,4,10,6,3.05505046330389,3
"105","SPECTABILIS",6.70833333333333,3,12,4.5,4.13647394125319,6
"106","BUNGEI",6.7906976744186,2,13,6.5,2.65020789422519,43
"107","ELATA",6.8125,3,12,6.125,3.9230887066188,4
"108","THURINGIACA   X",6.875,3.5,12,6,3.70528901256928,4
"109","SERRATA",6.87723342939481,0.5,36,5,4.66447654693578,347
"110","JAPONICUM",6.90303176130895,0,131,5,5.81397987719873,2078
"111","CIRCINATUM",6.92602040816327,1,29,6,3.99584339181985,98
"112","CAROLINIANA",6.93528708133971,2,35,3,6.96463867575437,418
"113","UNEDO",7,7,7,7,NA,1
"114","VIRGINIANA",7.0563829787234,0,34,3,7.11307583163775,423
"115","CAPPADOCICUM",7.07254196642686,2,29.5,5.75,5.45198515043524,417
"116","TATARICUM",7.13333333333333,3,21,6.5,4.01759778400265,30
"117","DOMESTICA",7.13541666666667,3,18,4,4.92496919360629,24
"118","ARIA",7.16080858085809,0.5,31.5,5.5,5.24347791713004,606
"119","JACQUEMONTII",7.484375,2,12,7.75,2.66254605653396,80
"120","FLORIBUNDA",7.52096506808763,0,21,7.5,3.67930018321882,1689
"121","TRIACANTHOS",7.57406191950464,1,38,6,5.69205796589579,1615
"122","CARICA",7.63888888888889,3,14.75,5,4.50539799697109,9
"123","NIGRUM",7.67405063291139,3,24,7,4.58263766813431,79
"124","RUBRUM",7.67749616156844,0,151,6,5.68618716821773,8467
"125","PANICULATA",7.69078947368421,2,18.5,8,4.2208596419027,38
"126","NOBILIS",7.72,6,11.5,7,2.16725633001729,5
"127","BACCATA",7.74271844660194,2,24,5.5,5.40939817503102,103
"128","GLABRUM",7.75,3.25,23,7,4.3751190459994,16
"129","RACEMOSA",7.75,3,22,3,9.5,4
"130","SYLVATICA",7.80279091769158,0,54.5,4,7.46196920091512,5285
"131","PENNSYLVANICA",7.80614143920596,0,66,7,5.26258794753063,1612
"132","MUGO",7.88888888888889,3,12,8,2.66666666666667,9
"133","X YEDOENSIS",7.96086515028432,0,66,4.5,8.06966459872857,2462
"134","ALPINUM",8,8,8,8,NA,1
"135","CHINENSE",8.09010989010989,3,26,7,4.49451304388691,182
"136","SHUMARDII",8.1268115942029,3,16,8,2.91693306541286,69
"137","BARBATUM",8.2,6,9,9,1.30384048104053,5
"138","ORNUS",8.23797794117647,0,37,5.5,6.45743098812527,1360
"139","KOBUS",8.32974730583426,0,44,6,6.15375988153717,2691
"140","MOLLIS",8.45238095238095,3,16,9,4.68015694690029,21
"141","FLORIDA",8.49172413793104,1,30,8,4.51565953482797,145
"142","TYPHINA",8.51086956521739,3,24,6,5.96032253020184,23
"143","LUTEA",8.53571428571429,3,17,8,4.08689748983712,35
"144","LUSITANICA",8.5877358490566,3,99,6,13.6436654280841,53
"145","YUNNANENSIS",8.640625,3,13.5,8.875,3.13178430238525,16
"146","PURSHIANA",8.64705882352941,3,24,7.5,5.23737978943895,17
"147","ALBA-SINENSIS",8.66666666666667,7,10,9,1.52752523165195,3
"148","PHELLOS",8.78876582278481,0,305,7,17.1448046292035,316
"149","GLAUCA",8.85,3,23,6.625,6.5707686003998,30
"150","ACUTISSIMA",8.86739543726236,2,36,8.5,4.33353772376929,526
"151","CAMPESTRE",8.89400345125108,0,33,7.5,5.96630817820521,3477
"152","STYRACIFLUA",8.9844725987036,0,53,8,5.13518823676313,1697
"153","CARNEA   X",9.00387755102041,2,34,5,7.47523200372637,245
"154","COCCINEA",9.03760683760684,1.75,45,7,7.09874608439378,351
"155","PRINUS",9.5,6,13,10,2.10158670215308,7
"156","COLURNA",9.55288461538461,1,20,9.5,3.91963900725687,52
"157","BETULUS",9.71783445620789,0,86,7,7.72624304321877,5195
"158","GLUTINOSA",9.75,9.5,10,9.75,0.353553390593274,2
"159","SERRULA",9.90277777777778,4.5,18.25,9.75,4.03945512568444,18
"160","VEITCHII   X",10,10,10,10,NA,1
"161","CRENATA",10.1934523809524,3,23,10,4.47051100662505,84
"162","SARGENTII",10.2100968188105,2,40,8.75,7.11941196461583,723
"163","OXYACANTHA",10.3082375478927,2,34,10,3.56124697402399,783
"164","SITCHENSIS",10.4967532467532,2,27,10,4.66201290430332,77
"165","BLIREANA",10.6008064516129,3,37,10,6.12346663265745,62
"166","GINNALA",10.6840579710145,1.5,34,11.625,5.97413815924256,276
"167","ORIENTALIS",10.7115384615385,3,27,6,8.87168139470928,13
"168","ACUMINATA",10.8571428571429,2,28,7,9.91091269642662,7
"169","MONOGYNA",11.1896226415094,4,19,12,3.57790170687973,53
"170","SOULANGEANA  X",11.33125,3.75,24,10.65,6.35745952929837,16
"171","DECURRENS",11.3620689655172,2.25,66,6,13.4888489340826,29
"172","ARAUCANA",11.4,3,32,8.5,9.92135743400737,10
"173","CERASIFERA",11.4099542847644,0,95,12,6.1690949531962,12031
"174","PUNGENS",11.4770642201835,3,33,11,6.81743928014252,109
"175","TREMULOIDES",11.7,2.75,30,10.75,5.74684975019202,40
"176","PLATYPHYLLOS",11.7941176470588,6,23,9,6.15949171890783,17
"177","OXYCARPA",11.8270581778266,3,97.5,11.25,6.41864989705835,911
"178","NORDMANNIANA",12,12,12,12,NA,1
"179","PALUSTRIS",12.0292312461252,1.75,99,10,9.37504389557119,1613
"180","SPECIES",12.1810904071774,0,317,10,11.9162476967083,1449
"181","STENOPTERA",12.3275862068966,2,21,13.5,4.83481766178003,29
"182","WATERERI  X",12.3929411764706,0.5,26,12.5,5.15940630202311,85
"183","AQUIFOLIUM",12.5532258064516,3,43,12,6.72541380327662,155
"184","CONTORTA",12.6127192982456,3,33,11.625,5.65196266092667,114
"185","ANAGYROIDES",12.6607142857143,5,24.5,13.5,5.25833326076987,14
"186","TRILOBA",12.6666666666667,9,15,14,3.21455025366432,3
"187","VELUTINA",12.7483766233766,0,40.5,12,5.43939400589306,154
"188","CORDATA",12.7710296684119,0,99,12.5,5.21958841464851,1146
"189","GRANDIS",12.7803738317757,1,42.5,10,10.3360806890172,107
"190","DAVIDII",12.8240740740741,3,24.5,13.5,6.4439948697374,54
"191","ABIES",12.8636690647482,2,35,12,7.50527303946596,139
"192","MACROCARPA",12.9824561403509,3,32,5.5,10.9475066112109,57
"193","MATSUDANA",13,6,23,12,5.94418483337567,7
"194","GLYPTOSTROBOIDES",13.0134422110553,0.5,50,10.5,10.44069501052,398
"195","EUCHLORA   X",13.1010323017845,1,93.5,13,4.3083283816148,4427
"196","NOOTKATENSIS",13.3199367088608,2,99,11,11.532329162816,158
"197","DECIDUA",13.5833333333333,3,24,13.5,7.69247960180867,12
"198","ARGUTUM",13.7142857142857,3,23.75,18,9.91466566446369,7
"199","PAVIA",13.7692307692308,2,27,15,7.75837016984287,13
"200","LATIFOLIA",14.0625,10,17,14.5,2.54161787619056,8
"201","PLATANOIDES",14.101363370392,0,161,12,10.1456512381215,11963
"202","BALSAMEA",14.1111111111111,5,26,15,7.56545511592734,9
"203","PUMILA",14.1549462365591,1,46,10,9.65151448983704,465
"204","EXCELSIOR",14.2103849597135,1,43,13.5,7.8970787402337,1117
"205","GARRYANA",14.5,3,32,11.5,14.1539158303748,4
"206","VILMORINII",14.5,7.5,20,13.5,4.10284454169706,10
"207","OBTUSA",14.6136363636364,3,32,12.5,9.38962423582772,22
"208","MARIANA",14.75,6,21,15.25,4.50616861153193,10
"209","SIMONII",14.8541666666667,8,20,14.75,3.48359249434641,24
"210","TULIPIFERA",14.881517747858,0,57,11,11.2194695161148,817
"211","CONCOLOR",15.15,3,29.5,17,10.2063433434529,10
"212","PONDEROSA",15.2916666666667,3,54.5,13,13.9758461411937,24
"213","AMERICANA",15.3127216681777,0,144,13,10.7169235387592,5515
"214","VERTICILLATA",15.6666666666667,13,17,17,2.3094010767585,3
"215","MONTICOLA",15.75,6,26,16.5,6.39779791661304,12
"216","REGIA",15.7727272727273,3,32.5,17,7.93611297831284,33
"217","ALTISSIMA",15.875,3,21.5,19.5,8.64460332616059,4
"218","SYLVESTRIS",15.9909282700422,3,45,15,6.74386035772495,237
"219","RUGOSA",16.2916666666667,0,40,14,9.59343153263881,36
"220","PSEUDOPLATANUS",16.3412721186035,0.5,62,16,5.64634332346117,2091
"221","BANKSIANA",16.4615384615385,12,23,16,4.21535654117546,13
"222","ATLANTICA",16.5375,3,48,9.625,14.9420536441703,20
"223","MAXIMA",16.5384615384615,3,36,14,11.2499287747033,13
"224","GIGANTEUM",16.5727611940299,3,75,10,16.2953769167772,134
"225","ROBUR",16.5897107166338,0.5,50.5,17,8.69501514301802,1521
"226","PSEUDOACACIA",16.7844405594406,3,72,13.5,11.8596806631033,572
"227","EUROPAEA   X",17.2203007518797,7,36,15,4.95751662841228,133
"228","CISSIFOLIUM",17.3375,6,28.5,16.5,5.16457760539091,20
"229","SERRULATA",17.526551620873,0,141,17,9.05277792959498,13357
"230","NIGRA",17.8243707093822,1.5,72,17,9.93097830855609,437
"231","AVIUM",17.9130898021309,3,49.5,16,8.75743259477253,657
"232","NUTTALLII",17.9291666666667,2,99,15,14.1452883750925,492
"233","HETEROPHYLLA",17.9429752066116,2,42.5,18,7.68621142529791,121
"234","PENDULA",18.0144977843427,3,48,18,6.49302424640248,1354
"235","TOMENTOSA",18.0603448275862,3,35,17.5,10.7793733195655,29
"236","AMURENSE",18.1,12,24,19,5.02991053598372,5
"237","PISIFERA",18.2838028169014,2.5,46.8,18,9.45802295351067,71
"238","STROBUS",18.375,18,18.75,18.375,0.530330085889911,2
"239","TRIFOLIATA",18.5,12,22.5,21,5.67890834580027,3
"240","SACCHARUM",18.5771551724138,4,43,18,9.20953521048177,116
"241","ENGELMANNII",18.6666666666667,16,22,18,3.05505046330389,3
"242","CINEREA",19.0481481481481,6,41,18,9.63748173181429,27
"243","PLICATA",19.0847996438112,2,99,15.6,11.4055484367272,1123
"244","SUBHIRTELLA",19.2560402684564,3,47,19,8.73545142167596,298
"245","ALBA",19.4038461538462,1.5,40,20.25,14.3520167438372,26
"246","SEROTINA",19.4230769230769,2.5,29,20,5.65253606513141,39
"247","PAPYRIFERA",19.5557553956835,3,44.5,18.5,7.67511761496222,139
"248","MERTENSIANA",19.6923076923077,9.5,42.5,18,9.48362286070585,13
"249","LAWSONIANA",19.857793764988,1,99,18,10.5688831611799,417
"250","HILLIERI",20.1052631578947,7,31.75,17.5,7.0345747434204,38
"251","COMMUNIS",20.1309523809524,3,60,18.5,12.1391976278343,21
"252","NEGUNDO",20.2853260869565,3,46,20,7.07218649011815,184
"253","SPICATUM",20.3333333333333,16,27,18,5.85946527708232,3
"254","DEODARA",20.5353658536585,1,71,22,12.9971044368796,246
"255","SEMPREVIRENS",20.6785714285714,2.25,59,11,21.1545475241703,7
"256","ACERIFOLIA   X",20.8261252900232,2,57,19,11.841240506656,1724
"257","ANGUSTIFOLIA",20.8333333333333,14.75,26.5,21,3.80583433690958,9
"258","THUNBERGII",22,22,22,22,0,2
"259","MENZIESII",22.0838274932615,1,62,22,9.63386654053338,742
"260","QUADRANGULATA",22.55,12,32,23.75,7.32376269413476,5
"261","SATIVA",22.7397959183673,3,52,22,12.2809938675235,49
"262","POPULIFOLIA",23.2916666666667,6,36,23,6.50122448553507,54
"263","FRAXINIFOLIA",23.5,3,44,23.5,28.9913780286484,2
"264","SPECIOSA",23.5042682926829,3,44,26,11.1066913465654,82
"265","PADUS",23.5703125,12,38,23.65,6.45424165824805,32
"266","BABYLONICA",23.6333333333333,3,40.5,23,9.68151941493783,45
"267","EMARGINATA",24,24,24,24,NA,1
"268","MACROPHYLLUM",24.6396984924623,2,60,25,11.8241494721649,398
"269","GLABRA",24.9332129963899,3,43,25,7.76497838225786,277
"270","RUBRA",24.9393939393939,2,54,25,10.9948589691232,1419
"271","GRIFFITHII",25.3333333333333,11,33,32,12.4230967690561,3
"272","HIPPOCASTANUM",25.6832894158981,0,64,26,7.944942950128,2277
"273","PROCERA",25.794375,7,53,26.5,7.16138110641138,80
"274","BIGNONIOIDES",26.1527559055118,3,50.25,26,8.22158577454227,381
"275","SACCHARINUM",27.5260670731707,5,182,26,13.1242713065839,328
"276","HOLLANDICA   X",28.075,13,41,27.5,6.27919497019198,20
"277","TRICHOCARPA",28.4277777777778,4.25,53,28.5,10.7426801482534,45
"278","CARPINIFOLIA",30.1470588235294,8.5,38.5,29.5,6.73090982400028,17
"279","AILANTHIFOLIA",32,24,40,34,6.44204936336256,5
"280","DENTATA",33.8571428571429,3,99,21,33.587837934926,7
"281","CANESCENS   X",35,26,44,35,12.7279220613579,2
"282","LEYLANDII",37.25,25.5,49,37.25,16.6170093578839,2
"283","PLATYPHYLLA",37.5,31,44,37.5,9.19238815542512,2
